eh
126
127
128
129
130
131
132
133
134
135
136
137
138
139
140
141
142
143
144
145
146
147
148
149
150
151
152
153
154
155
156
157
158
159
160
161
162
163
164
165
166
167
168
169
170
171
172
0
1
173
2
174
3
175
4
176
5
177
6
7
179
178
9
180
8
181
10
182
11
183
12
184
13
185
14
186
15
187
16
188
17
189
18
190
19
191
20
192
21
193
22
194
23
195
24
196
25
197
26
198
27
199
28
200
29
201
30
202
31
203
32
204
33
205
34
206
35
207
36
208
209
37
38
210
39
211
40
212
213
41
214
42
215
43
44
216
45
217
46
218
47
219
220
48
49
221
222
50
223
51
52
224
225
53
226
54
55
227
56
228
229
57
230
58
231
59
232
60
233
61
234
62
235
63
236
64
237
65
238
66
239
67
240
241
68
242
69
243
70
244
71
245
72
246
73
247
74
248
75
76
249
250
77
251
78
252
79
253
80
254
81
255
256
82
83
84
257
258
85
259
86
260
87
261
88
262
89
263
90
264
91
265
92
266
93
267
94
268
95
269
96
270
97
271
98
272
99
273
100
274
101
275
102
276
103
104
277
278
279
105
280
106
281
107
282
108
283
284
109
285
110
111
286
287
112
288
113
289
114
115
290
291
116
117
292
293
118
294
119
295
120
121
296
297
122
298
123
299
124
300
125
